 dimension = 3;
 nbPoints = 15;
 nbCluster = 1;

 points  = [[996.3774369495452, 269.60268751142655, 237.6154978149676], [249.03325086507976, 825.5494134759582, 120.26120971321674], [704.5343867344224, 515.8455699828048, 869.7306436755138], [463.3689609007754, 791.7574845205697, 854.0536101861239], [358.0737536450003, 711.5231831720254, 775.9336671321523], [335.1953209280252, 647.4002716068669, 767.4094362630117], [14.08820944871203, 809.3048886512075, 48.73130200164333], [579.5894503580025, 270.89900823003734, 412.0790901252708], [96.7710232392075, 717.0054439037802, 697.0055354568594], [288.61602257936147, 197.51586118844466, 462.44797259512814], [989.1284225974771, 689.0232008013875, 441.02293102278935], [299.15324175434154, 558.1794141099649, 419.71297380418014], [521.8082888014151, 454.52889844740463, 157.98481390264374], [823.6443135714771, 212.72457470058114, 781.1148010280144], [445.91836719116463, 659.2696110597343, 27.278654231244424]];