 dimension = 10;
 nbPoints = 15;
 nbCluster = 5;

 points  = [[404.8814519573063, 130.48619531033611, 233.61704932906434, 495.8580622949137, 167.66420320244004, 303.14588689945157, 982.5039472940755, 243.8329894855209, 111.88205588707301, 314.79093934766246], [512.6070263967546, 906.8361152133307, 839.1713121349053, 405.0745658279915, 725.5884139242756, 585.963764917365, 410.7305631534809, 954.2661812533283, 694.2610188686602, 262.6486808161561], [169.20008721012147, 710.0030573715151, 738.4666390649705, 344.77682187269966, 637.9901986709244, 642.1258444589347, 915.8702050372472, 867.496376433365, 787.5687046184225, 734.4311178741868], [105.30518293712, 75.31844339475191, 653.1822374916059, 175.75299380189236, 706.0462022596895, 817.5916511253985, 633.4258887692192, 136.21328044614467, 517.5887537401858, 771.5332751879556], [191.3283997762606, 754.9272166463912, 928.478145279946, 333.1570820877162, 793.1620056358629, 183.53888662334285, 889.7901218442338, 387.75035744474076, 854.8540897933949, 203.443105473203], [582.1159702454058, 770.6279814700549, 394.6361875946779, 929.6020459510412, 993.2658266939651, 856.8061345639687, 366.82092590467295, 426.0351354219313, 407.2885202865931, 810.1104239960192], [116.36079305227676, 376.6023881640196, 699.2944041717457, 60.87095318203173, 609.9930066190892, 251.30072687102734, 405.3338641293761, 446.00833081626945, 417.8647258451902, 194.81769773115977], [184.46796064333125, 568.7272714533138, 592.9597112358263, 967.6876465757075, 238.7663556436468, 124.31605983548289, 638.081445511682, 595.7941954232996, 369.5240404288873, 819.8419302124692], [186.51269030762396, 116.44322589488343, 255.98470064640532, 424.01760056399553, 242.12546733370243, 847.085690578841, 63.907982665298405, 75.95679039170466, 669.7900700045803, 0.669568325708636], [454.45178081079985, 835.6441773958587, 431.8742895046763, 278.95039170190984, 322.32636534998437, 42.63642220830355, 844.3159198266325, 483.94370687219146, 481.6061341184046, 394.8924341521631], [777.3756900675725, 226.02862750127005, 902.7616408274708, 151.62166437475267, 418.7450323918619, 485.0264826205657, 137.50223325023126, 875.4609554505475, 722.5259254253563, 795.9014812936913], [968.1132417824556, 345.66413678196994, 446.33480463865095, 82.40197394430182, 648.8646585372755, 365.48016849714014, 918.691054021803, 921.0271238854532, 657.2929547204526, 799.9608199271872], [69.28023457494436, 948.7943724823665, 556.1544668697419, 958.7480608631213, 867.0213605675305, 413.05549974003, 439.915453236831, 60.83486615991374, 620.6211975631486, 824.7810795732198], [198.80875555517508, 95.5015312421591, 911.8769575366978, 439.2992760321873, 179.2572075641823, 244.42921552999775, 591.2262102924816, 191.3316664732757, 660.7481277818839, 927.5646578821425], [173.2335454213435, 274.6086164213954, 605.9821033867653, 672.9865975485392, 492.57711520290303, 475.460998408234, 675.0736154198207, 986.7990031692884, 841.1475084213197, 126.08245314902477]];
 distance  = [[0.0, 1598.1399117149213, 1425.2173535081552, 1196.8501258687702, 1394.3106639909465, 1545.406701666066, 1109.1656199229406, 1092.4205793383255, 1279.4112032916141, 947.4738332390675, 1589.8398355644758, 1345.6198049455645, 1564.7781272118298, 1158.9251826367079, 1262.4080457053597], [1598.1399117149213, 0.0, 821.7399242500411, 1416.8664374054697, 941.1109133608492, 1141.9961291708905, 1020.2515994887043, 1282.7196881848104, 1527.8711168871569, 1058.2926719161137, 1035.493127706882, 1176.6636067960442, 1324.8922558774989, 1495.3923772596304, 904.82416496738], [1425.2173535081552, 821.7399242500411, 0.0, 1080.2707867818287, 889.0666603638223, 1205.573201008526, 1102.6224747863419, 1090.840861594254, 1641.6609603391748, 1007.7944774944898, 1164.0826990832925, 1012.9052976443351, 1222.8665009392305, 1184.090139662036, 899.4194978977031], [1196.8501258687702, 1416.8664374054697, 1080.2707867818287, 0.0, 1242.9448510192976, 1264.3972770070025, 962.6394799240105, 1347.212285255315, 1178.6250621337952, 1347.57787386978, 1251.1700644586017, 1339.5274195874383, 1277.8479430026803, 895.1038748643736, 1304.971270083696], [1394.3106639909465, 941.1109133608492, 889.0666603638223, 1242.9448510192976, 0.0, 1459.5712640368165, 861.7907224172853, 1258.13881834595, 1570.600530700992, 868.4069013343709, 1435.339958279437, 1341.72977837564, 1179.3172536414318, 1231.5748239179857, 1018.442915814788], [1545.406701666066, 1141.9961291708905, 1205.573201008526, 1264.3972770070025, 1459.5712640368165, 0.0, 1453.8942248839485, 1203.9115402483972, 1536.8859761021884, 1402.702941608477, 1421.4785132790507, 1422.0426084151775, 847.9232255637621, 1527.0072716203676, 1409.0619764399835], [1109.1656199229406, 1020.2515994887043, 1102.6224747863419, 962.6394799240105, 861.7907224172853, 1453.8942248839485, 0.0, 1224.217230062845, 1116.2253172506769, 899.2369728281313, 1144.8732579169643, 1310.7791715948945, 1355.0052777751869, 1074.765957936309, 1005.0727528335652], [1092.4205793383255, 1282.7196881848104, 1090.840861594254, 1347.212285255315, 1258.13881834595, 1203.9115402483972, 1224.217230062845, 0.0, 1580.2565229537036, 951.9899766874692, 1359.1923015414898, 1401.1252036016958, 1012.795138748611, 940.8614425568625, 1104.2450107485483], [1279.4112032916141, 1527.8711168871569, 1641.6609603391748, 1178.6250621337952, 1570.600530700992, 1536.8859761021884, 1116.2253172506769, 1580.2565229537036, 0.0, 1503.6317870108876, 1515.1657438963352, 1815.9232763145014, 1576.2788995209164, 1395.978980513568, 1287.9270321735437], [947.4738332390675, 1058.2926719161137, 1007.7944774944898, 1347.57787386978, 868.4069013343709, 1402.702941608477, 899.2369728281313, 951.9899766874692, 1503.6317870108876, 0.0, 1338.1277750596303, 1070.1140571201472, 1272.5265084738605, 1181.5141528872382, 1130.831686367133], [1589.8398355644758, 1035.493127706882, 1164.0826990832925, 1251.1700644586017, 1435.339958279437, 1421.4785132790507, 1144.8732579169643, 1359.1923015414898, 1515.1657438963352, 1338.1277750596303, 0.0, 973.4786709070262, 1663.6702088055724, 1115.755349850186, 1223.4776952618142], [1345.6198049455645, 1176.6636067960442, 1012.9052976443351, 1339.5274195874383, 1341.72977837564, 1422.0426084151775, 1310.7791715948945, 1401.1252036016958, 1815.9232763145014, 1070.1140571201472, 973.4786709070262, 0.0, 1724.1470634303944, 1374.6576866458431, 1264.6231067275605], [1564.7781272118298, 1324.8922558774989, 1222.8665009392305, 1277.8479430026803, 1179.3172536414318, 847.9232255637621, 1355.0052777751869, 1012.795138748611, 1576.2788995209164, 1272.5265084738605, 1663.6702088055724, 1724.1470634303944, 0.0, 1301.8468379814074, 1463.93259392476], [1158.9251826367079, 1495.3923772596304, 1184.090139662036, 895.1038748643736, 1231.5748239179857, 1527.0072716203676, 1074.765957936309, 940.8614425568625, 1395.978980513568, 1181.5141528872382, 1115.755349850186, 1374.6576866458431, 1301.8468379814074, 0.0, 1283.423642733025], [1262.4080457053597, 904.82416496738, 899.4194978977031, 1304.971270083696, 1018.442915814788, 1409.0619764399835, 1005.0727528335652, 1104.2450107485483, 1287.9270321735437, 1130.831686367133, 1223.4776952618142, 1264.6231067275605, 1463.93259392476, 1283.423642733025, 0.0]];